52.481111
51.451667
52.243889
51.279722
51.735278
50.836389
52.408611
52.924722
52.398611
50.7225
36.138235
51.8675
51.241111
52.054167
52.634722
52.685556
53.234444
51.513889
52.631667
51.750833
52.572222
50.790556
51.388889
51.750556
51.064722
51.506111
50.264167
51.210278
51.06
52.188611
53.747222
53.795278
54.894722
53.191944
54.773056
53.3975
53.485
54.97
54.225278
54.135
53.383056
53.076667
53.683056
53.9625
-51.692222
51.619722
52.629167
52.248056
52.954722
51.495833
52.485556
51.459722
52.705278
54.046944
53.800556
53.404722
54.522778
54.969167
53.483611
53.381389
50.855278
50.373611
50.800278
51.497778
51.26
36.139722
51.511111
51.513333
53.763611
51.530278
51.886389
52.482778
52.622778
51.538889
51.5125
51.601111
51.475278
51.545556
51.504167
51.573889
51.500556
51.489722
51.508333
51.504167
51.573333

51.280278
53.038889
51.461389










57.169722
56.731944
57.881111
56.189444
56.565
55.949444
55.863
58.982222
56.534444
57.149167
56.461111
55.948611
55.873333
57.474444
55.755556


57.145278

56.4575
55.956111

55.855556
55.791389
55.8475

54.352222
54.599167
53.998333
55
54.950278
53.727222
54.244722
53.526944
54.174722
54.3475
54.602778
54.410833
54.993889
54.327778
54.414722
54.346667
54.212222
53.993056
54.511389
54.873889
54.270278
53.513889
50.4714
51.735278
51.277989
54.855944

52.269444
51.972778
51.643611
54.773333
50.7225
54.971389
52.352192
52.635147
55.669389
52.755556
50.541269
51.441944
52.84115
54.135
50.396667
50.755
50.946667
52.333478
53.3275
51.052222
51.21
51.8561
51.381389
53.188889
52.4089
51.145648
51.094167
52.413527

53.405
51.749722
51.499444

51.456297
52.03932
51.499167
53.406944
54.58
50.3703
50.899072
51.456297
53.955
53.9619
54.299722
54.226217
55.99334
56.333143
57.611389
59.129444
57.650556
57.580885
56.326127
57.709451
56.534444
57.44078
57.59162
56.33965
56.342138
57.4532
57.672551
54.733189
54.7335
55.956797
55.068352
55.469842
52.04297
53.3114
52.409
51.88173
53.25705
