-1.898889
-2.600833
0.716944
1.083056
0.472222
-0.780556
-1.506944
-1.4775
0.263333
-3.529722
-5.35406
-2.246667
-0.59
-2.716111
-1.136944
-1.830278
-0.536389
-0.098333
1.300556
-1.254444
-0.238333
-1.104167
0.503333
-0.342778
-1.7975
-0.089722
-5.051111
-2.643889
-1.312222
-2.220833
-2.481389
-1.747778
-2.938611
-2.890278
-1.576667
-2.973333
-2.244444
-1.611111
-4.7
-1.520278
-1.469167
-0.954167
-1.496667
-1.081944
-57.858611
0.306667
1.283889
-0.898611
-1.157222
-0.139722
-1.898611
-2.616389
-2.753889
-2.793889
-1.546944
-2.968333
-1.213611
-1.619167
-2.261111
-1.468056
-0.559167
-4.151667
-1.093889
-0.107778
-0.76
-5.353611
-0.138056
-0.150556
-2.696667
-0.144444
-0.18
-1.914167
-1.135556
-0.137778
-0.191389
-0.114722
-0.094722
-0.141389
-0.233056
-0.201667
-0.169167
-0.276111
-0.246389
-0.268611
-0.066667

1.079444
-2.204167
-0.220278










-2.102222
-2.661667
-4.029722
-3.965278
-3.589722
-3.190833
-4.2346
-2.958889
-5.480556
-2.092778
-2.968056
-3.216389
-4.275
-4.229167
-4.924167


-2.106389

-2.974722
-3.187778

-4.252778
-3.986944
-4.416667

-6.660278
-5.944444
-7.361111
-7.328333
-7.74
-7.796389
-6.958611
-7.346389
-6.337778
-6.656389
-5.928611
-7.171944
-7.323056
-5.721111
-6.151667
-7.641111
-9.220833
-7.412778
-6.041667
-7.598056
-8.477222
-8.855278
-4.7168
0.94
1.093825
-1.571972

1.686389
1.38
-1.164167
-1.576667
-3.531111
-2.102778
1.201719
-1.140914
-1.801922
0.944722
-4.942856
-1.606111
-1.551695
-1.520278
-4.309722
-0.765278
-2.516667
0.336942
-0.677222
-4.048056
-2.643889
-2.5935
-2.358889
-2.885833
-1.5085
-2.715318
-1.806389
0.744477

-2.984167
-1.27
-0.1275

-2.60972
-2.756412
-0.197778
-2.975
-1.236944
-4.1593
-1.405937
-2.60972
-1.0758
-1.0847
-4.654167
-4.698144
-3.47326
-3.31167
-3.33
-3.316389
-3.305556
-4.130495
-6.400438
-3.305645
-5.480556
-3.12613
-4.11516
-2.786383
-2.791386
-6.3057
-3.294929
-4.417525
-4.417389
-3.188558
-3.606584
-4.599087
-3.20246
-4.6326
-4.061
-3.99285
-3.44525
